1 20000
1500
0 14272 734
0 6051 -138
0 6651 307
0 17114 293
0 2455 714
0 13017 -314
0 10778 638
0 8426 -478
0 2341 717
0 5534 -890
0 12262 -541
0 18159 -111
0 18894 -748
0 856 -82
0 11201 598
0 13799 963
0 10039 282
0 13942 -154
0 14172 -251
0 5914 77
0 8301 -45
0 10726 -818
0 191 979
0 2863 769
0 16048 -64
0 78 866
0 18420 141
0 11000 -196
0 16729 389
0 6583 574
0 19635 -877
0 12354 213
0 14050 891
0 17595 -494
0 22 489
0 14533 -855
0 8647 855
0 11090 424
0 16570 766
0 7449 -144
0 9882 5
0 16713 -829
0 10056 189
0 15728 839
0 16353 -138
0 13852 -458
0 114 520
0 7520 954
0 13500 658
0 6645 137
0 19039 -172
0 12300 -727
0 14150 -546
0 1905 -670
0 19035 416
0 16160 -552
0 6256 -680
0 6518 -164
0 6342 58
0 17680 -146
0 7442 -143
0 8293 -199
0 1201 -479
0 1875 -322
0 636 277
0 19978 -278
0 7353 -954
0 9779 44
0 19472 979
0 15842 -553
0 12912 632
0 967 421
0 10733 -493
0 19421 -952
0 11601 -437
0 10432 768
0 2009 639
0 9616 -463
0 2021 996
0 4461 -569
0 10741 -741
0 3839 -601
0 14953 -814
0 7587 -734
0 5112 793
0 17838 -48
0 19321 -383
0 15720 82
0 8042 817
0 534 -117
0 4034 65
0 2539 180
0 15105 -882
0 14437 -621
0 19979 -825
0 12035 -294
0 18565 457
0 19763 328
0 11480 655
0 12798 465
0 6092 251
0 17514 -578
0 12005 274
0 6582 -806
0 11963 751
0 3097 866
0 5934 -884
0 14176 -304
0 18621 -778
0 15556 -579
0 13706 123
0 14620 739
0 15257 -301
0 719 836
0 6477 589
0 18661 31
0 7534 461
0 16367 -685
0 19258 98
0 10665 71
0 15343 -705
0 5436 136
0 16490 -733
0 16589 742
0 15639 346
0 6354 544
0 4124 949
0 13745 -615
0 1317 -231
0 16611 922
0 3878 -356
0 6387 619
0 16751 -852
0 13678 -577
0 7729 -811
0 14994 602
0 2497 205
0 5877 81
0 587 -73
0 17305 -909
0 3709 179
0 14473 956
0 2093 -853
0 1310 -216
0 12041 -187
0 17404 830
0 1512 -283
0 16335 563
0 10667 -505
0 12961 411
0 19467 845
0 15333 105
0 2441 503
0 9755 -240
0 4098 -179
0 17996 943
0 17795 -59
0 4488 919
0 7280 885
0 2832 -745
0 1821 -994
0 9106 -482
0 4973 867
0 17497 -169
0 3367 -409
0 13339 -800
0 19164 417
0 16780 871
0 14041 -178
0 18026 -151
0 8645 -854
0 15684 -589
0 12160 -478
0 7172 368
0 5495 275
0 14933 185
0 11103 362
0 8495 -584
0 3127 -443
0 1780 516
0 8088 586
0 19910 491
0 13395 -443
0 18883 -510
0 17605 325
0 17741 69
0 11746 -787
0 18342 -664
0 9013 -417
0 3144 890
0 2706 313
0 18732 799
0 8459 -219
0 11574 400
0 6367 296
0 4066 784
0 11095 -976
0 827 -699
0 9407 -171
0 11607 -252
0 12287 20
0 12745 -560
0 5668 868
0 13696 -34
0 8241 -931
0 8341 -845
0 2147 -121
0 13464 230
0 17756 738
0 7735 177
0 18429 -757
0 19608 214
0 16378 281
0 2995 -179
0 16711 -495
0 12227 -15
0 12573 849
0 10777 -969
0 19348 -52
0 17620 -662
0 12580 -15
0 7352 -535
0 14330 -830
0 41 905
0 590 -131
0 17897 866
0 12501 865
0 9320 141
0 17225 669
0 16436 -882
0 8814 -257
0 7797 844
0 5226 440
0 9785 302
0 3431 -684
0 17599 -176
0 5633 -526
0 7532 -220
0 6442 291
0 13408 -366
0 16489 -719
0 873 -339
0 5830 -65
0 14793 727
0 2389 55
0 1643 950
0 14544 -377
0 16132 -215
0 6721 -783
0 9790 457
0 15847 600
0 1689 617
0 19040 890
0 6338 172
0 3779 -498
0 8290 -259
0 1910 -720
0 11781 -860
0 1594 -641
0 16739 406
0 6954 -739
0 8124 215
0 2740 278
0 3251 -860
0 12788 -833
0 6432 -757
0 851 946
0 5068 -502
0 17059 -354
0 17995 736
0 8620 987
0 9539 276
0 12452 572
0 13047 193
0 16793 79
0 19443 -611
0 7495 -855
0 15041 346
0 10050 227
0 2105 491
0 12129 -938
0 9236 -83
0 17735 -961
0 18687 817
0 19029 238
0 16371 747
0 18949 1000
0 16653 535
0 270 184
0 13683 749
0 19061 650
0 19006 -329
0 16292 51
0 13828 -532
0 2303 688
0 12510 -69
0 13323 581
0 19375 177
0 15885 -707
0 8498 107
0 11773 450
0 13437 967
0 10597 -933
0 1228 307
0 19857 230
0 15704 -939
0 12257 -468
0 12130 -316
0 4239 -579
0 13521 -36
0 11789 279
0 6681 -122
0 255 -642
0 13732 804
0 14070 867
0 14673 556
0 12933 973
0 585 789
0 2767 157
0 2776 246
0 19933 947
0 6483 982
0 9511 625
0 2973 504
0 14059 387
0 14675 185
0 3729 219
0 10702 592
0 10624 -665
0 16073 -834
0 3120 492
0 4527 17
0 2678 547
0 15578 -774
0 11227 698
0 5109 960
0 3455 752
0 10416 170
0 5213 807
0 2084 932
0 2261 -647
0 4318 669
0 2895 631
0 12232 755
0 841 380
0 17182 -290
0 15359 -44
0 14398 -897
0 15623 685
0 8945 985
0 9556 150
0 12739 425
0 16328 40
0 17707 -284
0 957 -598
0 14779 -186
0 5861 288
0 16764 369
0 11093 -254
0 7963 259
0 9071 -341
0 1790 -845
0 14124 -877
0 7382 -823
0 18842 53
0 3477 298
0 9722 861
0 16534 -860
0 16698 205
0 8627 -231
0 11255 -341
0 13003 932
0 5231 987
0 12517 -738
0 4031 -317
0 5150 215
0 7501 -682
0 6872 565
0 2289 -129
0 12886 -268
0 9923 -642
0 13419 -758
0 19294 168
0 10123 -150
0 7468 103
0 15968 -713
0 15358 -347
0 18405 -362
0 401 453
0 11968 -554
0 10842 668
0 19005 -199
0 18528 -221
0 4467 -631
0 7187 593
0 7870 -43
0 2909 -544
0 3586 362
0 15841 -352
0 8963 -938
0 5627 219
0 3921 -1
0 769 -620
0 16085 -177
0 1249 287
0 2956 799
0 11779 -863
0 6123 -832
0 17649 -440
0 9800 467
0 4410 89
0 4117 453
0 5102 -535
0 17244 -884
0 5974 447
0 9235 -970
0 11999 554
0 1662 -155
0 10403 -388
0 9056 -81
0 12479 187
0 19363 232
0 10120 -422
0 10820 -697
0 19928 -742
0 13568 -993
0 5286 288
0 12902 721
0 8690 973
0 5233 -287
0 19941 170
0 11059 1000
0 1667 -451
0 4484 -195
0 13275 -150
0 16074 -767
0 11562 165
0 692 711
0 3542 271
0 14396 848
0 8679 -750
0 18506 778
0 11641 -276
0 10234 -308
0 7130 -510
0 4908 301
0 10188 982
0 1673 -886
0 11827 -719
0 17116 699
0 2906 98
0 3817 -73
0 9270 151
0 9139 618
0 12256 -71
0 1467 -381
0 19239 -514
0 12776 851
0 1590 -68
0 17701 -813
0 8256 -928
0 1883 672
0 16260 -698
0 17732 -751
0 752 306
0 14130 -404
0 14277 -516
0 9768 180
0 2843 161
0 5103 -926
0 18992 -443
0 337 640
0 18569 -681
0 699 -801
0 15086 632
0 6193 611
0 15130 250
0 11179 -619
0 7158 571
0 14941 -433
0 9718 -468
0 4615 -226
0 8681 63
0 9456 798
0 5205 426
0 17592 -820
0 2120 -49
0 5679 185
0 8959 233
0 10275 28
0 2381 -177
0 9288 -640
0 9459 436
0 16148 588
0 18844 323
0 18148 -425
0 18074 -439
0 5531 120
0 13666 -731
0 15545 -207
0 3965 563
0 15189 735
0 7916 -287
0 356 -91
0 13271 430
0 17413 -621
0 5564 450
0 7589 -116
0 9793 -478
0 1080 206
0 10575 -914
0 11372 -485
0 13168 -389
0 9178 977
0 8564 -509
0 9641 740
0 4316 -547
0 17034 -665
0 3778 -611
0 3285 191
0 3066 318
0 10021 28
0 568 403
0 4520 671
0 11481 63
0 14928 504
0 12624 919
0 1431 -472
0 12804 598
0 18054 -789
0 9918 -5
0 16684 637
0 14648 303
0 9603 3
0 7461 703
0 879 839
0 2205 31
0 16995 754
0 3418 280
0 12489 -980
0 19614 761
0 5710 686
0 16426 117
0 10569 414
0 12307 -457
0 10402 358
0 18562 633
0 15394 -496
0 2795 -376
0 11743 65
0 13206 -715
0 5011 -614
0 2713 840
0 10755 846
0 5274 958
0 11741 415
0 4678 979
0 13010 -961
0 6775 -357
0 19191 -512
0 2637 879
0 18364 -436
0 8987 -258
0 6403 696
0 7846 581
0 3466 -187
0 15576 -623
0 11500 -710
0 18711 -765
0 2350 -717
0 11163 605
0 9547 -743
0 10332 -872
0 18863 64
0 323 -345
0 9669 979
0 11305 391
0 2950 -871
0 2839 56
0 17139 -586
0 15397 362
0 5049 -101
0 18590 -353
0 12258 316
0 5224 696
0 1379 34
0 13797 -559
0 11324 424
0 10747 95
0 5853 307
0 1549 -538
0 17109 337
0 13095 893
0 1151 581
0 4396 -784
0 996 -934
0 15803 -595
0 16614 -12
0 10767 -686
0 14563 227
0 14945 915
0 14506 956
0 2512 -622
0 13980 713
0 19056 488
0 12502 -705
0 19072 449
0 12182 642
0 8103 285
0 13840 -246
0 4349 502
0 1311 680
0 412 -888
0 16635 389
0 17394 846
0 1233 880
0 13382 -866
0 12168 -37
0 4357 410
0 13383 148
0 15853 414
0 2890 502
0 19793 992
0 12046 -909
0 3614 526
0 19817 -158
0 10059 -398
0 1315 176
0 8672 494
0 12837 172
0 12342 901
0 3987 -847
0 3091 516
0 12335 650
0 5783 -951
0 11464 337
0 6730 -168
0 1740 -665
0 9985 -643
0 10224 189
0 12567 -625
0 14528 -505
0 744 -958
0 455 711
0 9282 -409
0 14888 -960
0 13756 -353
0 11411 -373
0 18352 576
0 574 235
0 11316 -710
0 9403 -5
0 17527 718
0 2571 -33
0 17099 515
0 6404 526
0 6864 865
0 17896 -242
0 6772 215
0 13013 -71
0 1672 479
0 274 -847
0 17258 284
0 19767 469
0 1163 709
0 11537 540
0 5740 237
0 3564 19
0 183 -483
0 9335 498
0 18936 -376
0 16984 -999
0 869 -390
0 5164 -246
0 3984 -176
0 12511 -806
0 12981 -848
0 18826 -306
0 16481 558
0 5431 -88
0 3170 -526
0 10748 -641
0 11967 -124
0 149 653
0 19183 -494
0 2573 -506
0 10201 557
0 16975 -745
0 6008 -847
0 12842 -768
0 520 633
0 10192 -282
0 11664 166
0 9892 298
0 6676 -876
0 13777 -786
0 16870 558
0 8095 -12
0 17668 -693
0 19895 393
0 10596 -705
0 11869 291
0 17212 -947
0 6796 -769
0 18096 858
0 16282 507
0 16305 846
0 6568 -820
0 5301 82
0 14511 23
0 8550 -225
0 3296 -30
0 18141 502
0 9663 636
0 15015 -218
0 13037 -19
0 6847 496
0 15850 -587
0 17939 -60
0 11514 992
0 7752 997
0 4731 -494
0 9844 -945
0 14327 -333
0 6950 -733
0 14435 -912
0 8176 -704
0 4868 455
0 19942 5
0 2814 132
0 18831 -14
0 16458 817
0 14775 168
0 14543 620
0 2075 604
0 13559 133
0 15574 243
0 2701 692
0 15972 333
0 179 -780
0 19853 -229
0 19213 -850
0 19986 613
0 11520 -16
0 16354 -309
0 14539 -191
0 19645 572
0 9331 -565
0 10232 125
0 12541 -473
0 8246 316
0 12339 -962
0 6943 626
0 6764 145
0 18156 -498
0 13416 871
0 11761 644
0 3515 -61
0 15315 -226
0 11851 944
0 9110 15
0 2636 -899
0 1686 445
0 19413 690
0 14348 35
0 12639 765
0 10227 150
0 11732 50
0 15185 549
0 11822 -216
0 15763 -24
0 8653 288
0 16572 -237
0 1339 -645
0 16978 -735
0 11422 278
0 8449 -434
0 7915 883
0 11935 994
0 7070 -747
0 11002 913
0 755 670
0 19468 376
0 3971 -464
0 9627 15
0 13524 72
0 18330 -689
0 16144 955
0 13414 -396
0 14457 -8
0 806 749
0 18708 -121
0 14299 494
0 7011 -105
0 14260 931
0 624 993
0 1580 595
0 4916 188
0 18779 372
0 17228 575
0 8519 -481
0 1453 -916
0 11826 -60
0 19630 735
0 8698 -868
0 19541 -628
0 6223 734
0 2395 160
0 4830 92
0 10626 964
0 8801 -838
0 3863 -760
0 8881 -522
0 7010 -971
0 15760 520
0 17073 977
0 9818 -314
0 9859 354
0 4013 270
0 11425 -470
0 16338 195
0 13172 -54
0 906 -330
0 8915 -439
0 19086 438
0 12246 -416
0 14342 -998
0 20 409
0 3689 -418
0 6128 537
0 2369 -483
0 10247 354
0 17393 168
0 14927 -910
0 17834 -263
0 9015 110
0 773 -201
0 3849 -249
0 4548 -535
0 3201 -29
0 19788 -433
0 11849 -428
0 5397 -657
0 7685 -565
0 10217 -677
0 17792 882
0 3228 439
0 17610 803
0 15697 -15
0 998 309
0 13266 -695
0 764 538
0 569 137
0 6315 -129
0 3847 -816
0 18186 396
0 11728 -795
0 16115 -33
0 13765 -605
0 17869 -840
0 3500 355
0 1407 397
0 13008 -943
0 14635 509
0 4936 -755
0 5366 -695
0 2917 -205
0 16389 777
0 1600 -251
0 8270 413
0 9927 245
0 7628 579
0 5247 -943
0 11861 205
0 1070 662
0 5374 900
0 2150 528
0 6470 173
0 18207 -734
0 16955 -661
0 11072 302
0 19168 -10
0 629 -60
0 14852 -904
0 13173 -306
0 4011 -423
0 15824 816
0 4478 -322
0 9219 -670
0 5429 315
0 9063 198
0 16153 628
0 18470 117
0 14765 -228
0 16297 -628
0 8055 923
0 5980 609
0 19549 -209
0 5056 730
0 11874 -106
0 18611 914
0 15267 984
0 9472 201
0 11181 -302
0 16830 -113
0 11320 -829
0 11182 -43
0 15839 -71
0 12122 861
0 7518 -530
0 6360 442
0 19042 -315
0 8475 -664
0 8861 906
0 2928 -912
0 11319 -364
0 639 -6
0 16271 -269
0 3686 -388
0 19754 861
0 12635 441
0 19149 -113
0 16989 231
0 5360 94
0 222 -176
0 18197 -675
0 6263 763
0 8763 364
0 1333 866
0 14976 -241
0 2162 -291
0 14564 770
0 17637 -79
0 16591 -888
0 14952 561
0 8002 968
0 19197 29
0 7600 437
0 3943 -225
0 16731 -80
0 6142 283
0 6816 -633
0 9319 163
0 11725 -388
0 19083 667
0 1871 108
0 16630 573
0 234 -347
0 6767 65
0 17743 320
0 9545 -264
0 8665 556
0 9245 -781
0 93 -540
0 10547 639
0 7191 885
0 2281 -990
0 5207 633
0 3587 512
0 10390 857
0 8372 -342
0 17330 -775
0 16086 -145
0 14163 326
0 17936 -182
0 10162 654
0 12605 64
0 19392 185
0 14705 -351
0 2792 927
0 9748 120
0 4719 438
0 16637 -181
0 8454 -166
0 19972 -230
0 3231 885
0 11435 -89
0 15998 -147
0 15353 161
0 8190 684
0 19315 766
0 12158 -385
0 5092 -168
0 10599 258
0 17164 662
0 11293 37
0 13909 -976
0 18204 452
0 4137 498
0 11169 -673
0 12762 351
0 11859 375
0 11389 640
0 146 -702
0 8787 442
0 19028 88
0 12916 -426
0 13510 628
0 9108 -918
0 432 325
0 10815 -258
0 13135 848
0 6604 -95
0 9727 365
0 5245 969
0 6897 825
0 12374 -55
0 14810 653
0 6071 -820
0 17907 -673
0 13067 807
0 15794 156
0 10476 -572
0 4804 246
0 11375 422
0 12575 391
0 2770 -585
0 7627 -339
0 3652 705
0 2726 877
0 6769 -117
0 4446 471
0 4577 -765
0 7894 -748
0 19122 -439
0 3193 964
0 5523 919
0 1611 -757
0 10662 -114
0 17239 -438
0 17989 -905
0 16896 293
0 15700 429
0 11856 -402
0 8420 -739
0 10458 338
0 16359 637
0 5223 481
0 878 -545
0 11591 44
0 7560 -684
0 17092 -253
0 6724 -130
0 10125 357
0 7728 -726
0 945 727
0 4401 59
0 5650 634
0 15329 168
0 1868 -381
0 12097 747
0 3812 -665
0 2254 349
0 9858 859
0 1215 -141
0 6752 446
0 15662 -368
0 10631 -565
0 18903 -751
0 11928 -162
0 16164 -535
0 14907 187
0 19480 420
0 6002 597
0 2627 292
0 3308 658
0 6609 -176
0 12416 492
0 1 119
0 12366 157
0 176 933
0 8390 -736
0 9987 -816
0 4288 -960
0 19273 -488
0 3875 66
0 14138 724
0 11057 526
0 12110 -956
0 15096 603
0 16902 554
0 10637 243
0 13200 163
0 10360 325
0 1501 844
0 3947 202
0 14684 -163
0 2436 164
0 1226 -789
0 3609 -630
0 16876 -497
0 17360 -585
0 14120 -341
0 11371 867
0 1031 -105
0 17070 707
0 3973 518
0 13503 908
0 6576 -168
0 17805 533
0 12926 158
0 13889 586
0 18282 -284
0 2979 -824
0 4956 -532
0 18222 112
0 6359 259
0 17661 614
0 14071 -193
0 4082 -341
0 17504 417
0 2025 -67
0 5225 906
0 16161 -903
0 8704 -460
0 17828 550
0 1188 -906
0 53 491
0 19690 467
0 4602 898
0 7629 51
0 18404 -213
0 8954 69
0 18671 -792
0 6982 -864
0 7810 -710
0 6057 -834
0 10878 -370
0 11271 -744
0 7562 -161
0 9680 949
0 13846 -614
0 3649 177
0 9867 -731
0 18933 847
0 12061 777
0 5907 716
0 12504 -632
0 6906 -950
0 14866 982
0 1722 -863
0 5780 -801
0 4445 852
0 6317 381
0 4146 361
0 9833 523
0 12979 -447
0 15882 260
0 14738 -230
0 12869 -862
0 4998 550
0 10109 772
0 17992 411
0 19320 823
0 17482 884
0 14811 -902
0 6288 881
0 7527 -422
0 12015 -994
0 5682 -338
0 9601 -802
0 9184 82
0 4328 -533
0 17829 149
0 11367 -714
0 19280 -26
0 831 -185
0 19069 806
0 7855 560
0 14802 -929
0 9144 -452
0 11357 -84
0 10159 390
0 767 87
0 16487 -377
0 13718 -74
0 14238 834
0 15568 263
0 5526 465
0 18778 -952
0 7881 859
0 5160 -714
0 9239 476
0 14602 858
0 18192 -664
0 6948 -349
0 18064 919
0 1603 886
0 756 537
0 15478 -699
0 18643 -497
0 11589 -594
0 4010 9
0 16895 -215
0 3723 575
0 6228 93
0 14096 -688
0 9208 124
0 3034 -509
0 2394 -845
0 1766 232
0 16738 -447
0 17729 -653
0 2297 88
0 6095 -299
0 8735 -481
0 6965 997
0 14680 672
0 19341 -267
0 14187 -915
0 859 -70
0 4431 -876
0 5041 -245
0 3304 -54
0 10100 495
0 500 -248
0 15546 353
0 14955 -255
0 14021 150
0 8229 317
0 9776 -411
0 15215 -963
0 15624 -139
0 16921 -82
0 12388 -923
0 3996 184
0 16931 -783
0 1316 956
0 19603 -386
0 12607 711
0 18871 -489
0 1178 353
0 18559 275
0 4933 681
0 9034 -227
0 10317 361
0 19766 -913
0 13439 -975
0 19854 -32
0 9724 74
0 1539 18
0 638 561
0 2500 805
0 15804 290
0 10190 134
0 12681 -77
0 14286 -6
0 9908 151
0 14740 969
0 15766 -792
0 3759 869
0 6691 -167
0 14845 395
0 17806 -716
0 14479 -559
0 16494 -945
0 158 -202
0 18424 -691
0 1009 -639
0 19030 962
0 10283 -492
0 11446 355
0 7015 -445
0 17202 -241
0 4043 7
0 15597 155
0 10761 274
0 15356 -606
0 4215 -205
0 12602 583
0 3117 -770
0 18760 572
0 4722 953
0 16883 -669
0 10983 689
0 6458 -761
0 1121 -203
0 16667 695
0 262 219
0 440 964
0 6040 -817
0 2884 24
0 2223 497
0 7838 -453
0 16096 -168
0 11572 -515
0 4096 -802
0 4855 -354
0 19772 -148
0 3132 -368
0 17223 498
0 10929 -791
0 4133 148
0 7440 -547
0 1065 93
0 10202 -821
0 9145 677
0 15398 -790
0 13508 -436
0 10116 437
0 5962 755
0 6274 894
0 3102 -89
0 10836 -766
0 3732 -403
0 5463 35
0 17043 567
0 9794 -638
0 15064 171
0 1888 127
0 14649 -603
0 11191 479
0 7688 466
0 2887 -467
0 9467 -43
0 15680 618
0 4754 260
0 15053 -423
0 15961 -185
0 14203 -239
0 6711 653
0 1994 922
0 17110 -951
0 12675 358
0 3985 -903
0 2129 129
0 16756 622
0 16580 800
0 9706 -690
0 614 -156
0 9433 681
0 655 884
0 8868 -790
0 10053 -957
0 3664 643
0 7189 630
0 3189 -639
0 1598 491
0 18985 532
0 12904 562
0 19388 363
0 8250 -812
0 4111 -81
0 2470 -371
0 5882 -89
0 2948 70
0 4694 -494
0 17674 -895
0 3928 -245
0 14727 537
0 6603 -60
0 1674 333
0 19887 116
0 9862 945
0 18434 -22
0 4474 281
0 13280 431
0 16465 434
0 680 178
0 1887 205
0 497 110
0 6555 -383
0 13238 -949
0 12220 -28
0 3938 -123
0 1147 -832
0 429 767
0 17306 165
0 18623 -288
0 9278 403
0 11400 -726
0 15210 -152
0 6139 -830
0 12498 -222
0 17332 -931
0 15451 -826
0 15433 -390
0 6766 27
0 17006 -231
0 14188 -654
0 3503 -938
0 13477 -457
0 13447 144
0 7446 914
0 14967 792
0 19307 675
0 8433 785
0 8178 -606
0 15454 -222
0 19203 842
0 13294 157
0 2903 849
0 5584 -991
0 1655 480
0 5743 436
0 2577 -64
0 17075 -369
0 14017 250
0 8046 901
0 7418 148
0 12133 -982
0 1915 -326
0 3486 89
0 6278 -903
0 15519 -853
0 14880 142
0 3679 -494
0 18791 5
0 3109 -93
0 17749 427
0 13747 -344
0 16973 -281
0 10746 77
0 18954 710
0 8282 -538
0 5594 -583
0 1134 -72
0 17025 -45
0 5708 -767
0 65 695
0 2748 -674
0 5524 -533
0 14496 -666
0 12166 275
0 17447 -65
0 4751 337
0 9877 -368
0 10439 -602
0 19784 -887
0 9138 -67
0 6471 339
0 18068 522
0 3263 -643
0 15245 271
0 1698 -583
0 12673 335
0 14228 -929
0 7897 -122
0 6261 -76
0 8370 166
0 18638 -637
0 7271 330
0 6577 -275
0 2641 223
0 9957 111
0 16497 193
0 5433 995
0 12153 -892
0 19365 837
0 7203 834
0 126 -45
0 3121 -989
0 6316 266
0 5161 -535
0 1899 -392
0 844 -954
0 2410 -497
0 17489 -11
0 17304 830
0 808 509
0 1680 -811
0 2543 -284
0 12512 -979
0 7113 -920
0 8726 933
0 11132 967
0 14418 -173
0 4565 607
0 19288 -169
0 15193 -836
0 13847 850
0 15472 874
0 6287 244
0 16581 45
0 3578 -543
0 18416 -432
0 17567 -454
0 10181 596
0 17914 258
0 7433 -352
0 6200 546
0 9114 -554
0 6556 693
0 12276 -530
0 6945 1000
0 7298 753
0 16478 -241
0 9000 -620
0 6257 301
0 6377 103
0 4442 -927
0 4551 -214
0 18735 233
0 3078 424
0 14169 418
0 11282 301
0 7268 649
0 1753 -187
0 8901 -275
0 18908 -145
2000
0 3807 3 8
0 5530 3 9
0 19619 8 2
0 8354 6 9
0 8053 1 6
0 11603 8 7
0 10698 1 4
0 19906 2 1
0 11777 3 3
0 19062 4 9
0 19925 3 6
0 11513 3 5
0 19652 4 3
0 14846 7 1
0 19377 10 4
0 3488 3 1
0 18269 9 8
0 5312 2 7
0 7080 7 2
0 10832 1 3
0 1852 4 5
0 17819 3 10
0 7199 1 1
0 9265 4 10
0 1129 1 2
0 13504 1 9
0 6478 7 8
0 13404 8 6
0 4839 1 5
0 17386 9 3
0 16958 5 4
0 16881 1 7
0 19664 6 1
0 7602 5 9
0 18112 8 9
0 19366 5 2
0 18091 8 8
0 16156 7 8
0 5044 8 1
0 17036 8 7
0 2528 1 10
0 10612 3 2
0 15742 1 6
0 1554 4 8
0 7198 10 9
0 6592 8 6
0 19103 9 1
0 16308 9 6
0 5957 4 2
0 18130 9 4
0 18438 9 10
0 12426 4 1
0 9936 3 7
0 13843 10 3
0 17478 6 8
0 2942 8 6
0 4514 6 1
0 16376 10 10
0 12516 2 9
0 17505 8 4
0 8588 8 2
0 424 3 6
0 5102 7 9
0 4238 1 4
0 7680 5 9
0 15419 3 1
0 1715 8 1
0 4670 7 9
0 10070 5 8
0 2024 10 9
0 17657 5 1
0 5708 1 3
0 12708 9 5
0 19453 2 7
0 19960 3 5
0 13192 5 4
0 12504 3 5
0 13366 6 6
0 2628 6 10
0 10059 3 7
0 5710 6 3
0 5597 3 1
0 14132 7 6
0 6944 4 7
0 5347 5 8
0 7797 2 10
0 485 5 4
0 18236 9 2
0 5681 9 6
0 11169 7 5
0 13820 2 2
0 14246 7 6
0 1024 8 5
0 1989 3 3
0 7451 3 6
0 3034 7 10
0 3454 8 6
0 1619 10 8
0 13368 3 2
0 11737 9 7
0 6399 6 6
0 15590 4 2
0 3118 4 9
0 2662 6 2
0 4799 4 2
0 11406 5 10
0 11713 4 1
0 14625 6 9
0 8004 8 9
0 6148 9 6
0 15073 6 10
0 738 10 4
0 8691 2 7
0 5683 8 2
0 18124 7 8
0 8382 6 1
0 3215 4 3
0 15546 2 4
0 3637 7 10
0 15142 8 4
0 19533 7 5
0 3630 1 9
0 1419 3 8
0 2881 9 8
0 5266 3 5
0 19042 5 8
0 16252 8 10
0 14252 10 3
0 18803 2 1
0 6151 5 9
0 19912 10 1
0 15316 5 3
0 13837 4 2
0 18541 2 2
0 14203 4 8
0 6607 6 7
0 3286 8 1
0 6218 4 2
0 1436 10 10
0 11681 8 7
0 3678 5 9
0 11956 5 9
0 9673 2 4
0 17553 7 9
0 14236 5 8
0 2467 4 10
0 9215 2 5
0 5193 6 1
0 15688 9 10
0 13005 1 1
0 2038 9 6
0 18897 8 3
0 3879 4 4
0 3211 5 6
0 12701 2 8
0 8641 5 4
0 16282 4 9
0 13809 1 4
0 6907 7 9
0 17275 6 5
0 10463 6 3
0 12320 2 3
0 2198 6 1
0 8371 5 1
0 13635 5 2
0 9220 3 2
0 7224 1 5
0 15691 7 7
0 1557 9 9
0 5909 2 3
0 2663 1 4
0 7187 6 1
0 7247 6 2
0 13617 10 1
0 9636 6 5
0 14747 6 9
0 17180 7 7
0 12882 2 6
0 15275 8 10
0 727 9 5
0 8625 5 5
0 2579 8 10
0 15813 4 4
0 19531 3 4
0 4414 1 6
0 10952 7 5
0 5219 8 8
0 13355 1 8
0 14473 9 1
0 7100 6 9
0 11793 3 9
0 8728 10 7
0 18939 1 4
0 3971 5 1
0 13633 8 10
0 7606 3 6
0 2039 3 4
0 14926 3 7
0 4130 5 1
0 8453 7 5
0 6015 7 4
0 4247 9 7
0 8808 3 9
0 16140 1 1
0 6117 7 7
0 1895 10 8
0 18753 2 1
0 4767 3 5
0 11279 5 10
0 758 3 10
0 15944 7 1
0 18059 2 2
0 4987 7 5
0 19808 4 1
0 4394 8 3
0 15633 2 8
0 4460 5 4
0 1179 3 1
0 12357 10 4
0 7676 10 7
0 12307 9 10
0 4888 7 9
0 9754 4 8
0 8857 10 2
0 19802 10 8
0 8545 6 9
0 669 9 5
0 13209 6 2
0 3650 3 10
0 12571 1 3
0 15490 7 10
0 18211 3 7
0 4367 8 4
0 17339 8 2
0 16077 4 7
0 4128 1 9
0 4250 3 2
0 3265 5 10
0 17441 5 8
0 13988 7 7
0 17957 6 7
0 7127 9 4
0 18369 2 10
0 14658 6 9
0 1487 1 1
0 1826 2 9
0 3306 9 8
0 15568 3 9
0 2886 10 2
0 10925 3 3
0 14979 3 2
0 3614 2 6
0 10769 10 8
0 2404 3 7
0 373 1 9
0 14802 9 5
0 4507 10 6
0 14744 3 6
0 18981 1 9
0 17977 9 10
0 5064 10 10
0 16055 4 3
0 10180 7 8
0 18572 2 4
0 16389 8 6
0 7381 8 8
0 1795 4 4
0 9483 10 3
0 12326 4 7
0 2805 3 2
0 15796 7 1
0 13944 3 10
0 8086 1 2
0 2944 9 3
0 12043 8 2
0 19686 3 2
0 9193 8 7
0 16433 7 5
0 9348 8 1
0 11461 1 9
0 14301 8 7
0 12623 10 3
0 18958 4 8
0 14701 8 5
0 3938 6 9
0 14649 9 9
0 321 2 8
0 18741 3 4
0 8812 4 7
0 2684 5 6
0 17246 3 5
0 5174 2 5
0 7043 9 4
0 13907 10 1
0 14061 5 10
0 7800 4 10
0 10860 9 6
0 9136 7 7
0 19230 8 3
0 11234 6 10
0 15666 3 3
0 7444 10 7
0 5246 3 9
0 3587 4 7
0 7440 7 8
0 16981 3 10
0 18581 3 6
0 4625 5 7
0 1460 5 6
0 19513 8 7
0 13822 3 8
0 16304 4 1
0 5195 2 7
0 13829 8 1
0 12222 5 2
0 9536 1 6
0 12357 7 10
0 9743 10 9
0 17307 8 8
0 18617 5 3
0 17573 3 6
0 12953 2 1
0 19349 9 2
0 5273 10 8
0 15215 6 3
0 13873 8 6
0 14580 7 9
0 12902 3 7
0 17822 4 1
0 6272 9 8
0 18884 6 1
0 12450 5 6
0 19339 7 2
0 3465 6 4
0 6623 5 4
0 13254 9 7
0 13408 10 8
0 3880 5 7
0 14046 9 9
0 10803 4 10
0 9137 4 1
0 10186 4 5
0 13534 8 3
0 4944 10 5
0 1172 1 9
0 2869 10 5
0 10220 3 6
0 8100 3 3
0 7520 5 6
0 13242 3 3
0 14732 5 10
0 5871 10 9
0 7765 1 2
0 3794 1 7
0 4144 7 7
0 19723 5 1
0 17284 3 7
0 19449 5 1
0 10887 7 2
0 5310 8 10
0 2329 8 5
0 19542 4 8
0 11636 7 1
0 15304 9 2
0 14328 7 7
0 19790 7 5
0 17207 5 10
0 1704 5 9
0 2881 10 8
0 19129 5 9
0 11835 3 5
0 13734 7 1
0 2900 7 9
0 16548 4 10
0 802 3 7
0 4064 5 8
0 9243 6 1
0 8114 1 4
0 3030 1 10
0 4977 2 3
0 2067 7 6
0 8947 9 10
0 12625 5 6
0 10605 7 7
0 7284 3 7
0 2283 3 9
0 19592 10 7
0 10163 2 6
0 14631 4 7
0 859 5 3
0 8582 2 10
0 3940 8 10
0 2252 5 2
0 3130 3 10
0 9833 2 10
0 12555 9 8
0 8861 10 3
0 9023 10 6
0 13815 3 10
0 18937 1 2
0 46 6 1
0 6378 9 5
0 4800 4 6
0 3453 8 7
0 256 10 3
0 9048 2 10
0 18913 2 2
0 9013 1 8
0 11036 1 7
0 6664 6 6
0 13367 7 8
0 5159 10 2
0 2303 4 3
0 1216 4 9
0 7392 3 5
0 2071 6 3
0 2833 2 10
0 14628 1 1
0 10657 1 1
0 19829 8 3
0 15201 2 9
0 5648 3 9
0 12152 2 5
0 9664 6 5
0 25 5 3
0 3006 9 7
0 16509 8 2
0 4402 9 8
0 754 10 5
0 3603 6 10
0 12572 1 4
0 17052 7 3
0 13978 7 3
0 15841 8 1
0 1760 9 9
0 982 1 4
0 6995 3 8
0 4622 1 3
0 14384 2 1
0 1298 2 6
0 18142 9 7
0 15529 8 6
0 1100 9 6
0 16107 6 8
0 17832 2 3
0 16558 9 3
0 1905 3 2
0 45 8 8
0 10011 3 4
0 10314 7 9
0 1577 7 10
0 13504 6 5
0 17410 4 6
0 2843 4 10
0 3964 3 6
0 18984 4 9
0 2833 7 8
0 19003 3 3
0 12505 1 5
0 13072 3 6
0 7139 4 4
0 13630 7 4
0 1638 8 7
0 1101 2 4
0 9931 10 9
0 9320 4 2
0 18082 3 8
0 1904 5 9
0 4690 2 6
0 15110 1 9
0 17966 3 4
0 5644 4 10
0 11672 1 9
0 18342 2 3
0 6880 9 2
0 7741 2 3
0 11908 5 7
0 13173 4 7
0 6196 1 8
0 12764 6 3
0 3696 1 8
0 6839 1 1
0 19322 6 6
0 12589 1 7
0 3333 9 10
0 19905 9 3
0 17388 6 5
0 19104 2 10
0 18298 7 5
0 12372 4 6
0 19316 8 2
0 19584 6 5
0 18033 1 4
0 10590 6 5
0 5554 2 6
0 13200 7 3
0 10984 1 2
0 2271 5 4
0 1874 3 9
0 12597 3 2
0 18935 10 2
0 4105 5 2
0 17029 7 5
0 18577 5 5
0 2431 9 2
0 15840 3 7
0 12615 10 4
0 11137 1 4
0 18862 1 8
0 8505 1 3
0 11582 9 3
0 3498 5 9
0 9420 10 3
0 680 5 9
0 13699 7 4
0 7010 8 9
0 6090 8 7
0 10775 6 2
0 7989 4 4
0 14941 6 9
0 7862 4 3
0 6837 1 2
0 5126 9 6
0 13907 3 1
0 11313 2 6
0 7472 10 8
0 13336 4 3
0 17147 7 9
0 15005 7 6
0 9656 10 4
0 14897 9 4
0 6131 9 6
0 5777 3 3
0 17272 8 3
0 2011 3 6
0 4672 6 8
0 1809 8 7
0 6081 9 5
0 4926 1 5
0 17421 5 4
0 123 8 5
0 14231 8 7
0 13819 10 5
0 10030 8 9
0 12935 7 5
0 19732 7 5
0 7971 7 9
0 13566 5 5
0 13359 1 1
0 19388 6 5
0 15114 4 8
0 14400 9 4
0 19064 10 7
0 19923 6 1
0 7047 5 9
0 10300 10 6
0 5840 2 7
0 793 8 2
0 10868 9 4
0 4377 1 9
0 17449 2 7
0 2523 3 8
0 11747 3 3
0 14752 4 2
0 728 1 1
0 12520 4 9
0 6426 3 2
0 16342 5 3
0 4506 1 3
0 16146 3 7
0 18272 5 8
0 12853 5 7
0 6566 1 6
0 12345 9 1
0 10255 10 2
0 14121 1 3
0 3236 10 3
0 8444 7 3
0 8925 4 5
0 17923 10 2
0 11312 5 6
0 3070 2 6
0 14569 4 4
0 12026 10 1
0 1314 2 3
0 6958 6 4
0 8929 3 7
0 2833 7 9
0 10077 6 7
0 16942 1 9
0 17468 7 2
0 7881 5 2
0 970 3 10
0 15780 7 5
0 16942 4 6
0 19236 2 4
0 7201 2 9
0 8577 1 9
0 19584 10 4
0 6331 8 7
0 3 1 9
0 18579 10 5
0 1264 1 3
0 2914 2 8
0 7807 5 2
0 15384 5 9
0 13880 4 3
0 246 5 1
0 16860 4 7
0 13725 1 6
0 3308 9 3
0 18489 8 8
0 17814 6 9
0 2124 3 4
0 4992 7 1
0 3275 7 9
0 11345 7 4
0 2494 4 3
0 13944 7 3
0 3228 10 3
0 8541 3 1
0 9509 7 10
0 13306 9 1
0 3324 9 7
0 7261 5 1
0 18262 10 2
0 18073 9 6
0 756 9 1
0 6521 8 4
0 18594 9 1
0 19787 6 8
0 15997 3 8
0 1174 3 4
0 14507 3 1
0 8234 9 8
0 10974 1 5
0 3390 5 10
0 14590 5 6
0 13898 10 2
0 17313 2 5
0 13975 2 6
0 18160 5 2
0 6099 10 7
0 9084 2 9
0 19839 6 1
0 15005 9 1
0 12500 4 1
0 9212 7 1
0 1395 8 8
0 1912 1 6
0 7236 9 9
0 16460 4 10
0 503 4 5
0 18238 7 4
0 10462 8 8
0 18781 8 5
0 5924 3 4
0 19638 1 3
0 6466 10 6
0 12591 1 1
0 5836 3 2
0 14353 9 8
0 15775 2 8
0 7590 1 7
0 3705 7 4
0 9528 9 1
0 18666 9 9
0 8507 7 1
0 8911 10 7
0 6070 10 7
0 17577 5 8
0 12349 3 9
0 10783 9 10
0 17711 7 2
0 16078 8 3
0 576 1 1
0 18111 5 3
0 12158 9 4
0 19346 5 1
0 16386 4 9
0 15585 4 5
0 4553 6 10
0 1795 2 6
0 5506 6 3
0 16174 4 7
0 1773 9 6
0 5953 9 3
0 5228 4 10
0 18248 6 6
0 15007 2 6
0 11376 2 10
0 1159 8 1
0 5052 10 6
0 13210 6 9
0 14393 1 6
0 12708 8 8
0 6324 6 1
0 14204 1 3
0 3924 7 6
0 5279 10 10
0 3376 9 2
0 11764 3 5
0 15347 3 6
0 13543 7 9
0 8879 5 6
0 8133 8 2
0 14693 9 9
0 9315 1 2
0 11161 7 8
0 8239 4 6
0 9747 7 5
0 202 5 4
0 11587 6 6
0 2240 6 10
0 11521 9 7
0 13743 9 5
0 407 7 2
0 7492 6 7
0 15409 1 4
0 12525 8 3
0 8913 6 7
0 9471 6 6
0 2835 3 8
0 8908 8 2
0 14034 6 6
0 14604 5 5
0 7525 4 3
0 10431 6 4
0 14818 9 4
0 1082 9 6
0 15899 5 7
0 6782 5 1
0 18541 4 5
0 2553 8 3
0 956 6 9
0 18891 9 7
0 16405 2 2
0 9415 6 9
0 8608 6 10
0 11859 10 5
0 15150 6 5
0 7549 5 1
0 2512 1 1
0 16526 9 5
0 1887 3 5
0 1579 10 7
0 6374 6 8
0 11572 1 4
0 14738 7 3
0 15069 4 9
0 1584 10 2
0 9028 1 5
0 15218 6 1
0 9569 5 10
0 10075 6 9
0 13702 10 9
0 10149 6 10
0 7243 6 3
0 6107 8 5
0 8483 7 5
0 5806 5 3
0 15633 7 10
0 11584 9 9
0 6330 8 8
0 3157 8 2
0 14529 1 2
0 11220 3 6
0 4709 10 9
0 11301 2 5
0 6510 9 4
0 16193 10 2
0 13036 4 8
0 18686 3 6
0 2861 5 9
0 18063 3 9
0 15145 1 1
0 5589 9 5
0 8977 9 2
0 15599 5 2
0 3614 7 5
0 10786 1 4
0 17179 5 5
0 6833 6 9
0 18041 1 8
0 15080 5 8
0 12471 5 3
0 8625 7 2
0 384 8 5
0 5983 9 9
0 18775 7 4
0 5170 6 10
0 1718 1 10
0 17118 3 6
0 16557 6 1
0 13306 3 1
0 12613 8 1
0 10509 3 8
0 16787 5 1
0 10185 3 8
0 18821 1 10
0 4761 1 4
0 19398 6 1
0 6761 1 9
0 14088 4 3
0 9495 8 6
0 10921 1 10
0 14849 10 4
0 8896 7 8
0 13681 10 2
0 17247 8 4
0 19069 4 1
0 3802 2 1
0 8940 9 2
0 2558 4 2
0 4319 3 7
0 11137 10 1
0 5449 7 6
0 5674 7 1
0 13268 8 9
0 3378 9 10
0 6939 2 4
0 12001 5 2
0 8189 4 4
0 7286 1 9
0 6051 2 7
0 1705 4 7
0 17298 4 5
0 16579 6 3
0 10997 10 2
0 17734 9 7
0 6746 10 4
0 9570 7 3
0 12486 3 7
0 10318 3 8
0 718 6 3
0 16712 6 6
0 14332 6 7
0 9363 8 7
0 3720 2 4
0 8576 5 7
0 295 5 10
0 3431 1 6
0 12 9 1
0 18083 4 5
0 15860 7 10
0 6386 7 3
0 1617 2 7
0 16791 3 10
0 137 3 3
0 5985 10 10
0 9737 9 7
0 1504 2 1
0 2207 6 4
0 9050 3 1
0 14034 9 10
0 6868 4 10
0 6070 7 10
0 6154 9 6
0 17351 2 10
0 19337 8 2
0 8506 6 3
0 5324 4 6
0 2763 7 7
0 16322 9 10
0 14041 8 3
0 19331 1 5
0 11345 10 1
0 18743 7 7
0 11089 10 10
0 8504 4 10
0 19221 10 6
0 9722 2 7
0 15867 2 10
0 17596 6 9
0 1257 9 4
0 1578 7 6
0 4184 1 3
0 16814 1 9
0 15463 2 4
0 17003 3 5
0 8129 1 8
0 79 2 6
0 2721 10 4
0 2120 1 9
0 8273 2 7
0 19092 6 7
0 6631 1 5
0 12639 2 4
0 703 5 3
0 19021 5 6
0 10986 4 5
0 14509 1 4
0 10982 8 1
0 11392 6 8
0 16950 7 6
0 16554 5 4
0 7896 9 3
0 17437 2 10
0 19409 3 7
0 16023 10 1
0 9687 7 8
0 7081 7 1
0 9518 3 1
0 17047 3 10
0 18844 6 2
0 11775 1 6
0 17390 9 1
0 8468 1 4
0 4903 6 1
0 2350 10 8
0 10015 4 9
0 9057 9 2
0 7531 1 1
0 11619 10 1
0 14190 5 4
0 16091 6 9
0 1610 4 2
0 5344 3 4
0 4607 7 9
0 10342 9 4
0 4492 9 9
0 1254 4 9
0 10172 3 1
0 3726 5 1
0 18945 8 2
0 16356 9 9
0 5989 1 10
0 11590 1 8
0 3297 2 6
0 4015 9 8
0 6368 6 7
0 1800 5 3
0 11101 10 9
0 6525 7 6
0 8665 9 4
0 1857 1 4
0 6892 2 10
0 6398 9 6
0 16910 4 9
0 9512 6 4
0 13684 3 5
0 11546 6 8
0 12743 7 8
0 16147 1 2
0 19286 6 8
0 1505 7 5
0 1826 10 9
0 15377 10 8
0 571 10 3
0 4766 2 1
0 5020 4 2
0 2164 5 1
0 16076 5 2
0 5843 10 1
0 11644 10 2
0 171 5 2
0 7558 10 6
0 4101 8 2
0 7784 2 1
0 9125 1 3
0 7511 3 10
0 14467 7 4
0 3077 3 6
0 17860 7 3
0 4608 8 10
0 17990 10 7
0 2450 5 8
0 19935 6 1
0 15936 1 1
0 19756 5 4
0 3066 7 7
0 9163 3 10
0 4173 8 6
0 6480 1 5
0 18156 1 3
0 5096 9 5
0 3109 9 6
0 4189 2 7
0 16093 9 4
0 3634 7 1
0 14977 9 2
0 1168 8 1
0 9561 5 8
0 2453 2 4
0 11301 9 4
0 18264 9 1
0 13024 4 1
0 584 4 5
0 14249 9 5
0 17759 9 2
0 7783 1 3
0 1553 3 10
0 16394 5 1
0 4604 2 4
0 15325 1 9
0 2792 5 8
0 988 9 10
0 14008 10 4
0 15255 6 9
0 12382 7 8
0 2887 7 8
0 2507 7 6
0 8579 8 1
0 809 8 9
0 13762 5 9
0 15263 2 2
0 2322 9 4
0 19288 4 10
0 204 7 9
0 16939 10 7
0 9827 8 8
0 10162 9 9
0 16630 8 3
0 191 7 4
0 7189 8 2
0 9557 8 6
0 16182 4 5
0 786 8 6
0 6555 3 4
0 11358 6 5
0 14768 10 7
0 13164 8 5
0 12186 5 9
0 19970 9 10
0 1998 7 7
0 12451 3 9
0 679 7 6
0 357 8 4
0 9463 5 3
0 11311 2 4
0 9300 1 10
0 6226 9 1
0 3486 1 9
0 3069 9 8
0 3874 4 2
0 4420 5 8
0 17070 5 5
0 13602 7 7
0 5734 6 9
0 13564 5 9
0 15455 4 7
0 17237 3 8
0 17216 8 7
0 11848 10 5
0 1345 6 10
0 3223 5 6
0 17560 10 3
0 19855 4 3
0 7604 9 9
0 1727 5 7
0 15218 2 7
0 4066 10 10
0 3239 5 6
0 13453 7 7
0 6286 2 6
0 8708 3 9
0 3624 9 4
0 7683 3 4
0 15988 10 2
0 2616 6 4
0 19329 4 8
0 7214 6 5
0 19643 1 10
0 2979 3 10
0 628 8 6
0 5545 5 6
0 3145 4 9
0 19088 4 2
0 13750 8 9
0 987 3 9
0 6640 9 6
0 7572 8 5
0 14795 7 1
0 7251 9 3
0 1663 3 1
0 9809 1 1
0 3928 1 4
0 12840 9 7
0 2037 7 2
0 14213 9 7
0 12177 3 7
0 7491 6 9
0 1687 9 6
0 11087 7 3
0 4399 5 6
0 13879 3 2
0 8753 8 8
0 14734 4 10
0 18649 8 8
0 10394 8 5
0 8845 4 3
0 18664 4 6
0 13632 5 7
0 17052 10 4
0 4549 5 9
0 11326 6 6
0 1365 3 7
0 8525 9 7
0 2207 5 1
0 4711 4 8
0 15339 7 3
0 7923 8 1
0 11055 8 8
0 6831 6 8
0 11325 4 3
0 7331 6 6
0 13918 1 5
0 11146 6 3
0 13839 10 10
0 15105 4 2
0 3314 2 9
0 17736 6 2
0 12005 7 1
0 15406 4 3
0 16629 7 8
0 18181 6 4
0 3496 5 1
0 13516 10 8
0 18888 9 1
0 17439 6 9
0 931 1 1
0 6242 7 5
0 250 9 7
0 11687 8 4
0 3584 3 6
0 18402 8 2
0 6183 3 2
0 15003 2 6
0 18703 4 6
0 3776 6 7
0 12341 6 3
0 19267 2 1
0 5835 10 4
0 15128 3 2
0 6899 1 9
0 13878 7 3
0 14429 2 5
0 274 5 9
0 15371 8 10
0 8849 2 1
0 705 9 6
0 16683 1 10
0 7259 3 1
0 135 2 8
0 12262 3 9
0 14496 5 1
0 18715 8 4
0 17339 6 9
0 18699 7 5
0 14364 2 9
0 3166 1 8
0 19063 5 7
0 15511 3 7
0 12970 10 4
0 15657 9 6
0 9071 2 8
0 4665 4 9
0 17826 3 2
0 246 2 9
0 12038 7 2
0 4048 10 7
0 6172 1 6
0 19093 7 2
0 364 9 5
0 17318 2 9
0 17856 3 6
0 8527 2 3
0 3686 8 10
0 28 4 8
0 206 10 6
0 974 4 5
0 14234 4 4
0 13214 3 7
0 12680 6 3
0 6986 5 1
0 16233 10 2
0 17105 6 5
0 14298 9 6
0 6176 2 9
0 17882 5 9
0 14572 4 9
0 10809 1 4
0 8105 8 7
0 14354 7 1
0 18735 2 2
0 1207 1 8
0 2175 1 10
0 18422 6 9
0 19732 7 2
0 18629 6 1
0 14693 6 3
0 15044 3 1
0 9018 4 10
0 13283 7 8
0 705 7 4
0 15206 6 2
0 712 2 2
0 1760 5 9
0 13414 9 9
0 9670 10 9
0 2060 6 7
0 18272 5 10
0 1747 9 7
0 976 2 1
0 9670 5 9
0 15080 7 4
0 12190 5 9
0 12184 1 1
0 6793 8 5
0 16945 9 2
0 12393 4 9
0 4565 7 3
0 2492 5 10
0 14643 6 10
0 7969 9 10
0 12710 4 5
0 2838 1 1
0 16620 10 10
0 17538 4 9
0 1454 1 4
0 145 8 5
0 11143 6 10
0 8009 2 2
0 8403 10 10
0 7053 4 8
0 3434 2 6
0 17568 5 3
0 10504 3 9
0 1436 3 3
0 19421 6 6
0 2361 5 5
0 14387 1 6
0 13369 9 3
0 10294 5 7
0 18275 10 10
0 10218 8 6
0 16553 3 9
0 10673 1 1
0 2565 1 4
0 10117 3 3
0 8127 10 1
0 8997 1 2
0 3102 9 1
0 11655 9 4
0 14852 8 3
0 13852 1 10
0 10255 8 9
0 7498 7 9
0 12334 8 7
0 1098 1 6
0 11617 4 1
0 6845 5 6
0 10276 10 5
0 15368 9 10
0 16451 1 10
0 2380 3 2
0 19238 4 1
0 18146 2 4
0 18830 10 1
0 212 7 3
0 19108 10 1
0 18473 10 7
0 2503 9 2
0 14120 4 10
0 11798 8 9
0 11924 1 5
0 11014 1 10
0 10354 7 2
0 18283 9 7
0 12814 8 2
0 3855 8 7
0 14055 3 1
0 2701 7 8
0 6741 9 4
0 13993 7 3
0 5209 10 1
0 15121 6 4
0 15716 5 6
0 18904 3 2
0 7582 6 1
0 19743 4 6
0 9179 2 9
0 5747 1 3
0 16353 9 7
0 14930 6 8
0 5806 10 10
0 2908 10 5
0 9314 9 6
0 16902 7 4
0 998 7 4
0 15899 3 4
0 12787 1 8
0 10029 5 10
0 17108 10 4
0 7125 4 4
0 146 6 3
0 17871 4 4
0 3585 5 4
0 9207 4 1
0 16355 1 1
0 3819 5 5
0 13549 9 8
0 7398 3 5
0 19241 8 5
0 8535 6 6
0 2590 7 5
0 11342 5 10
0 10984 8 2
0 12579 4 4
0 610 2 4
0 8042 10 4
0 13400 6 3
0 12355 10 6
0 19838 3 10
0 825 8 8
0 8534 2 9
0 7779 4 4
0 13443 7 8
0 9454 1 9
0 10166 9 2
0 2674 5 2
0 7631 8 6
0 19512 1 9
0 18065 6 1
0 19230 9 7
0 18332 10 6
0 16601 1 4
0 8585 5 2
0 10447 3 7
0 17969 5 10
0 12757 2 9
0 8433 7 4
0 9297 2 4
0 7442 5 10
0 234 2 9
0 14777 10 7
0 10289 9 9
0 19368 7 3
0 1342 8 8
0 3570 8 5
0 5474 4 1
0 8844 8 7
0 12476 2 2
0 8242 8 3
0 15409 4 2
0 7433 5 5
0 13511 1 3
0 9670 8 5
0 6979 8 3
0 6066 6 6
0 12507 3 1
0 5358 10 6
0 12149 7 2
0 3403 8 4
0 9767 2 2
0 546 10 7
0 13156 6 5
0 3900 6 10
0 7441 9 3
0 12001 9 6
0 7625 1 7
0 2579 8 8
0 9681 4 10
0 4182 9 7
0 10191 7 2
0 1006 8 4
0 6390 10 9
0 1437 9 4
0 3011 3 10
0 15001 1 3
0 15318 1 7
0 5087 5 1
0 1527 9 4
0 7043 7 10
0 244 6 7
0 9415 1 8
0 8775 4 3
0 10614 2 1
0 14175 1 8
0 11991 1 2
0 8603 10 1
0 12646 5 10
0 19627 1 6
0 13365 10 1
0 5257 6 5
0 9267 5 5
0 634 4 9
0 5011 8 7
0 9304 5 7
0 9607 9 1
0 9637 7 5
0 14102 1 2
0 16594 1 9
0 4178 2 6
0 12457 10 9
0 10690 1 8
0 10024 9 5
0 17257 2 10
0 7027 7 6
0 4769 10 4
0 11874 6 6
0 516 2 2
0 11291 5 3
0 2152 7 8
0 5783 8 3
0 487 9 9
0 17671 10 5
0 12131 7 1
0 6912 5 9
0 992 8 10
0 12111 3 2
0 6348 8 5
0 4598 1 9
0 2017 6 4
0 12591 5 2
0 14363 5 4
0 14717 6 1
0 5616 7 3
0 13581 10 3
0 13787 6 7
0 11200 10 5
0 19916 4 2
0 17171 3 7
0 13209 4 8
0 6177 8 9
0 11279 6 8
0 634 8 9
0 5736 9 6
0 1222 1 7
0 18947 4 5
0 1239 8 5
0 15622 1 2
0 668 7 10
0 14545 8 3
0 12915 4 8
0 10703 5 8
0 911 6 5
0 4225 9 9
0 4798 5 10
0 11423 4 7
0 15966 8 6
0 19469 9 4
0 795 4 3
0 16071 7 7
0 15286 4 10
0 8260 8 1
0 10910 10 1
0 14706 3 9
0 11307 3 7
0 7429 6 6
0 4916 2 6
0 5781 9 8
0 12325 7 10
0 18189 5 3
0 13252 8 7
0 6584 5 5
0 17476 5 6
0 12004 8 6
0 4854 8 2
0 4424 5 3
0 14110 6 5
0 19154 9 7
0 19124 2 2
0 17496 1 10
0 13295 4 2
0 17363 8 7
0 192 4 4
0 7851 5 1
0 4562 2 9
0 19745 1 4
0 12411 6 1
0 1202 10 9
0 2640 8 7
0 1951 1 5
0 11045 7 9
0 10960 3 10
0 5000 10 4
0 5954 5 1
0 17088 9 4
0 8449 2 10
0 10801 3 4
0 17052 6 8
0 2812 4 1
0 17338 3 7
0 576 1 8
0 3416 5 1
0 15403 6 5
0 18193 7 1
0 8973 10 3
0 689 10 6
0 14913 9 1
0 14191 7 3
0 16927 8 8
0 13045 6 4
0 2035 10 6
0 13678 3 10
0 1405 8 10
0 16965 5 6
0 7538 6 7
0 11896 9 2
0 19534 8 1
0 12320 6 6
0 14680 4 8
0 632 4 7
0 17194 1 10
0 19923 10 6
0 2168 3 9
0 13107 10 1
0 3257 6 10
0 16916 1 3
0 12733 3 5
0 8856 4 9
0 6219 5 5
0 356 5 10
0 13899 7 8
0 16103 7 8
0 12473 9 7
0 12786 3 1
0 19704 3 4
0 1692 1 9
0 13605 10 3
0 6953 9 9
0 87 9 2
0 2625 10 6
0 1575 5 1
0 12917 2 3
0 686 6 3
0 9626 10 4
0 4649 5 2
0 4129 5 10
0 13834 9 10
0 5956 2 6
0 10535 1 2
0 1421 10 9
0 15467 9 3
0 15818 4 5
0 7710 4 2
0 800 5 3
0 6333 7 6
0 18349 2 2
0 17610 9 3
0 11989 6 2
0 6153 10 7
0 7342 4 9
0 3146 7 9
0 2159 9 6
0 8491 3 3
0 4076 10 7
0 18244 8 6
0 16253 1 5
0 11393 6 4
0 18460 9 5
0 3337 9 1
0 18937 9 2
0 3111 4 1
0 4516 5 9
0 16689 5 3
0 2732 5 4
0 18315 10 9
0 8889 5 6
0 12120 3 7
0 7199 9 8
0 972 3 3
0 563 7 3
0 2837 10 3
0 17473 6 5
0 14542 3 4
0 19639 6 8
0 1313 7 1
0 17260 2 5
0 3296 4 9
0 17440 9 5
0 13310 6 5
0 15462 4 7
0 1781 10 5
0 11669 6 5
0 15526 10 2
0 6446 4 2
0 3809 4 7
0 5225 2 3
0 12859 7 9
0 14104 3 2
0 10344 5 3
0 9484 7 8
0 4358 10 1
0 7598 1 3
0 19269 10 7
0 11287 4 5
0 1024 1 6
0 2446 3 5
0 1919 1 4
0 8574 9 9
0 4132 6 6
0 17131 3 6
0 17230 6 4
0 12946 1 2
0 462 10 3
0 872 4 7
0 4947 1 2
0 15675 6 7
0 16482 9 1
0 14378 2 10
0 7410 4 7
0 2598 10 8
0 4151 6 7
0 14799 9 1
0 4429 1 10
0 12492 3 10
0 13460 8 7
0 2500 6 8
0 2840 10 8
0 16722 5 6
0 8371 8 3
0 16830 4 2
0 10416 9 9
0 10701 4 10
0 14084 9 4
0 12856 9 2
0 16356 2 6
0 17575 3 1
0 16428 6 3
0 8575 4 7
0 17847 2 7
0 19635 3 6
0 16830 4 9
0 16174 9 3
0 12327 8 7
0 16766 10 10
0 5570 9 10
0 5878 5 9
0 623 6 7
0 2217 9 1
0 3206 3 1
0 16035 5 6
0 2702 9 2
0 13341 9 9
0 18157 4 10
0 16025 6 7
0 17736 2 6
0 8631 4 2
0 1280 4 10
0 4560 6 9
0 18702 9 4
0 14812 2 6
0 1308 7 9
0 16467 5 7
0 8116 6 8
0 1312 8 1
0 2806 1 6
0 4968 3 5
0 8386 3 4
0 15187 5 10
0 6663 4 7
0 12319 3 10
0 18112 2 8
0 5479 6 1
0 12416 7 1
0 14223 9 4
0 5404 6 3
0 7798 9 10
0 18333 3 2
0 19826 3 4
0 15387 9 5
0 14857 7 6
0 17721 4 8
0 5461 8 1
0 6747 3 6
0 9497 2 4
0 10529 5 5
0 15635 4 6
0 1483 3 3
0 8918 10 2
0 15241 8 7
0 10685 5 7
0 95 10 8
0 18204 2 3
0 14555 4 3
0 4533 1 7
0 12635 4 6
0 951 3 3
0 3460 8 2
0 10985 2 8
0 11879 3 2
0 3132 1 1
0 14184 8 3
0 18947 5 10
0 2581 3 5
0 14266 6 6
0 2323 6 8
0 13278 7 6
0 15262 8 7
0 3378 10 9
0 13523 10 2
0 8726 2 7
0 9747 8 6
0 1913 9 6
0 10817 9 6
0 14544 2 2
0 14150 6 10
0 14691 10 7
0 14857 2 8
0 15578 4 6
0 9244 5 8
0 1414 3 5
0 19583 3 1
0 3583 10 2
0 19142 6 3
0 12711 6 9
0 10754 6 6
0 13988 6 2
0 8902 4 5
0 17800 8 10
0 3271 8 6
0 1563 4 6
0 4520 3 3
0 8951 7 7
0 16618 10 3
0 12075 6 5
0 16701 1 2
0 6611 2 2
0 14011 5 10
0 13993 1 4
0 10051 1 10
0 9893 1 5
0 7425 10 5
0 2907 5 4
0 17860 8 10
0 19145 3 5
0 4124 6 5
0 2923 6 6
0 15564 9 9
0 2034 1 10
0 99 9 3
0 12730 2 1
0 3613 2 6
0 17119 5 7
0 5594 3 4
0 4960 1 3
0 5979 10 7
0 396 6 5
0 18259 9 10
0 4700 2 10
0 10979 2 2
0 6264 1 6
0 7194 1 1
0 10232 3 6
0 17146 10 4
0 11003 4 3
0 19770 7 8
0 12692 3 8
0 12478 9 7
0 8525 9 9
0 13727 7 2
0 4858 9 3
0 17374 1 10
0 8948 8 10
0 16898 5 6
0 2832 7 7
0 7164 5 6
0 16363 10 4
0 4075 8 9
0 3998 8 1
0 14007 9 1
0 4940 2 10
0 12417 2 7
0 9805 10 3
0 19940 3 8
0 6852 4 6
0 9956 3 2
0 17521 10 7
0 19333 4 3
0 3291 5 5
0 17895 6 5
0 3412 10 9
0 5552 10 5
0 518 5 9
0 7255 3 1
0 4538 3 10
0 12015 3 5
0 17255 5 5
0 4844 4 5
0 15225 10 3
0 5921 2 8
0 317 4 7
0 12828 10 3
0 1587 4 6
0 10491 10 9
0 18990 8 6
0 6451 6 10
0 13923 10 1
0 5371 8 9
0 12082 10 9
0 9122 7 5
0 7512 5 5
0 12295 4 5
0 17219 5 8
0 10683 8 5
0 18906 6 5
0 8122 6 3
0 19797 7 1
0 7701 7 4
0 1911 7 6
0 2383 6 2
0 5333 1 1
0 2610 8 2
0 10364 2 7
0 13307 8 1
0 15534 10 7
0 19549 2 8
0 416 10 10
0 16040 7 8
0 19788 9 2
0 4811 3 5
0 3129 7 7
0 18119 1 7
0 5882 3 1
0 11043 10 1
0 13112 5 7
0 4895 6 5
0 12163 3 8
0 15794 2 8
0 13376 4 1
0 3851 4 10
0 17195 3 2
0 9262 9 2
0 1382 10 3
0 10619 10 10
0 11047 1 3
0 6107 3 5
0 2811 5 7
0 4398 3 5
0 2928 5 7
0 15879 3 2
0 1713 1 8
0 18685 8 9
0 4631 9 9
0 8988 6 4
0 14050 5 10
0 7256 2 2
0 8814 3 8
0 235 8 5
0 17799 6 2
0 11675 5 5
0 8136 10 1
0 2436 4 10
0 9499 5 9
0 15585 3 6
0 1092 2 2
0 4858 7 7
0 13873 6 6
0 17314 2 8
0 10998 4 7
0 9350 7 4
0 2812 10 1
0 16536 3 7
0 18949 1 7
0 15190 6 6
0 16648 1 3
0 14938 5 8
0 3914 6 1
0 6387 7 1
0 13706 6 5
0 7547 3 7
0 18893 6 1
0 16930 9 10
0 9371 2 1
0 2803 5 2
0 16482 5 1
0 2016 3 6
0 3298 3 1
0 13834 4 6
0 7997 6 7
0 13842 8 6
0 11643 9 4
0 2653 9 9
0 6577 3 1
0 15160 7 10
0 2698 3 10
0 4668 6 3
0 17445 3 7
0 16028 10 6
0 6175 1 8
0 5373 10 4
0 4332 8 4
0 7264 5 8
0 1711 5 7
0 19490 2 10
0 6385 10 5
0 13491 2 10
0 11325 7 2
0 17234 7 1
0 3454 6 3
0 14152 7 6
0 19087 2 1
0 9311 8 9
0 13518 3 9
0 17349 8 3
0 16670 7 9
0 18921 9 7
0 16650 8 7
0 1098 5 1
0 55 5 8
0 4342 5 8
0 829 5 9
0 19323 5 2
0 247 10 2
0 19013 7 4
0 11253 3 4
0 3871 2 6
0 11449 5 10
0 16126 9 7
0 5691 1 1
0 5038 5 8
0 6054 1 1
0 17181 1 7
0 15263 5 1
0 2109 7 1
0 4426 7 6
0 2450 3 5
0 7075 7 10
0 1287 2 1
0 11356 8 10
0 8617 2 2
0 4337 6 1
0 2246 9 1
0 7288 3 7
0 6808 10 2
0 7101 1 4
0 11208 5 6
0 18350 4 8
0 1673 1 6
0 6306 1 8
0 11960 3 4
0 15247 2 9
0 6474 9 4
0 17588 8 3
0 9780 2 5
0 5193 5 7
0 13950 9 10
0 872 5 7
0 14392 1 5
0 15169 3 4
0 6066 4 10
0 16490 3 4
0 10478 5 6
0 13516 10 6
0 11285 9 9
0 1514 6 10
0 6606 9 9
0 18627 5 9
0 17527 2 8
0 11649 9 3
0 9852 7 3
0 4002 10 10
0 6333 7 3
0 2201 8 8
0 12455 3 6
0 1075 8 8
0 5637 7 10
0 11293 8 10
0 4797 4 5
0 18602 4 6
0 13421 7 3
0 5285 7 10
0 2347 10 1
0 9703 7 7
0 15237 9 2
0 17199 9 3
0 6674 8 9
0 1824 2 6
0 4274 3 9
0 6358 1 10
0 16629 8 7
0 14319 8 4
0 8638 3 8
0 14552 10 2
0 2884 1 4
0 6377 3 10
0 6653 1 5
0 19686 1 5
0 3473 6 4
0 5415 2 10
0 7647 8 1
0 13679 9 8
0 5390 1 8
0 2851 8 1
0 12131 8 2
0 7455 6 6
0 14787 2 7
0 5148 7 8
0 8021 5 7
0 5232 4 5
0 7723 8 8
0 6568 7 2
0 6949 3 8
0 1319 6 10
0 492 8 3
0 8019 10 8
0 8568 4 2
0 12520 2 7